0 
1 1908 
2 929 1909 2904 
3 430 930 1422 1910 2404 2905 3339 
4 188 431 682 931 1186 1423 1678 1911 2166 2405 2658 2906 3148 3340 3591 
5 71 189 309 432 557 683 810 932 1059 1187 1314 1424 1551 1679 1801 1912 2039 2167 2292 2406 2531 2659 2781 2907 3021 3149 3276 3341 3464 3592 3713 
6 12 72 129 190 251 310 370 433 496 558 621 684 747 811 870 933 996 1060 1123 1188 1251 1315 1375 1425 1488 1552 1615 1680 1738 1802 1852 1913 1976 2040 2103 2168 2230 2293 2350 2407 2469 2532 2595 2660 2721 2782 2843 2908 2969 3022 3085 3150 3213 3277 3309 3342 3402 3465 3528 3593 3650 3714 
7 13 43 73 101 130 161 191 220 252 282 311 340 371 400 434 465 497 526 559 590 622 653 685 716 748 779 812 843 871 901 934 965 997 1028 1061 1092 1124 1155 1189 1220 1252 1283 1316 1345 1376 1393 1426 1457 1489 1520 1553 1584 1616 1647 1681 1710 1739 1770 1803 1825 1853 1882 1914 1945 1977 2008 2041 2072 2104 2135 2169 2199 2231 2261 2294 2320 2351 2377 2408 2439 2470 2500 2533 2564 2596 2627 2661 2692 2722 2753 2783 2813 2844 2873 2909 2939 2970 2994 3023 3054 3086 3117 3151 3182 3214 3245 3278 3297 3310 3324 3343 3371 3403 3433 3466 3497 3529 3560 3594 3620 3651 3682 3715 
8 14 28 44 56 74 88 102 115 131 146 162 173 192 207 221 236 253 268 283 296 312 327 341 356 372 385 401 415 435 450 466 481 498 513 527 542 560 575 591 606 623 638 654 668 686 701 717 732 749 764 780 795 813 828 844 858 872 886 902 915 935 950 966 981 998 1013 1029 1044 1062 1077 1093 1108 1125 1140 1156 1171 1190 1205 1221 1236 1253 1268 1284 1299 1317 1331 1346 1361 1377 1386 1394 1409 1427 1442 1458 1473 1490 1505 1521 1536 1554 1569 1585 1600 1617 1632 1648 1663 1682 1696 1711 1725 1740 1755 1771 1786 1804 1815 1826 1839 1854 1867 1883 1893 1915 1930 1946 1961 1978 1993 2009 2024 2042 2057 2073 2088 2105 2120 2136 2151 2170 2184 2200 2215 2232 2247 2262 2277 2295 2309 2321 2335 2352 2366 2378 2393 2409 2424 2440 2455 2471 2486 2501 2516 2534 2549 2565 2580 2597 2612 2628 2643 2662 2677 2693 2708 2723 2738 2754 2767 2784 2798 2814 2829 2845 2859 2874 2889 2910 2925 2940 2954 2971 2982 2995 3006 3024 3039 3055 3070 3087 3102 3118 3133 3152 3167 3183 3198 3215 3230 3246 3261 3279 3288 3298 3302 3311 3315 3325 3332 3344 3359 3372 3387 3404 3419 3434 3449 3467 3482 3498 3513 3530 3545 3561 3576 3595 3608 3621 3635 3652 3667 3683 3698 3716 
9 15 21 29 36 45 50 57 64 75 82 89 95 103 109 116 123 132 139 147 154 163 168 174 181 193 200 208 213 222 229 237 244 254 261 269 275 284 290 297 302 313 320 328 333 342 349 357 364 373 379 386 393 402 408 416 423 436 443 451 458 467 474 482 489 499 506 514 520 528 535 543 550 561 568 576 583 592 599 607 614 624 631 639 646 655 661 669 676 687 694 702 709 718 725 733 740 750 757 765 772 781 788 796 803 814 821 829 836 845 852 859 864 873 880 887 894 903 909 916 922 936 943 951 958 967 974 982 989 999 1006 1014 1021 1030 1037 1045 1052 1063 1070 1078 1085 1094 1101 1109 1116 1126 1133 1141 1148 1157 1164 1172 1179 1191 1198 1206 1213 1222 1229 1237 1244 1254 1261 1269 1276 1285 1292 1300 1307 1318 1324 1332 1338 1347 1354 1362 1369 1378 1381 1387 1390 1395 1402 1410 1417 1428 1435 1443 1450 1459 1466 1474 1481 1491 1498 1506 1513 1522 1529 1537 1544 1555 1562 1570 1577 1586 1593 1601 1608 1618 1625 1633 1640 1649 1656 1664 1671 1683 1690 1697 1704 1712 1718 1726 1731 1741 1748 1756 1763 1772 1779 1787 1794 1805 1810 1816 1819 1827 1833 1840 1847 1855 1861 1868 1875 1884 1890 1894 1901 1916 1923 1931 1938 1947 1954 1962 1969 1979 1986 1994 2001 2010 2017 2025 2032 2043 2050 2058 2065 2074 2081 2089 2096 2106 2113 2121 2128 2137 2144 2152 2159 2171 2178 2185 2192 2201 2208 2216 2223 2233 2240 2248 2255 2263 2270 2278 2285 2296 2303 2310 2317 2322 2329 2336 2343 2353 2359 2367 2372 2379 2386 2394 2401 2410 2417 2425 2432 2441 2448 2456 2463 2472 2479 2487 2494 2502 2509 2517 2524 2535 2542 2550 2557 2566 2573 2581 2588 2598 2605 2613 2620 2629 2636 2644 2651 2663 2670 2678 2685 2694 2701 2709 2715 2724 2731 2739 2746 2755 2761 2768 2774 2785 2791 2799 2806 2815 2822 2830 2837 2846 2852 2860 2867 2875 2882 2890 2897 2911 2918 2926 2933 2941 2947 2955 2962 2972 2977 2983 2988 2996 3001 3007 3014 3025 3032 3040 3047 3056 3063 3071 3078 3088 3095 3103 3110 3119 3126 3134 3141 3153 3160 3168 3175 3184 3191 3199 3206 3216 3223 3231 3238 3247 3254 3262 3269 3280 3285 3289 3292 3299 3303 3306 3312 3316 3321 3326 3329 3333 3336 3345 3352 3360 3365 3373 3380 3388 3395 3405 3412 3420 3427 3435 3442 3450 3457 3468 3475 3483 3490 3499 3506 3514 3521 3531 3538 3546 3553 3562 3569 3577 3584 3596 3601 3609 3614 3622 3628 3636 3643 3653 3660 3668 3675 3684 3691 3699 3706 3717 
10 16 19 22 25 30 33 37 40 46 48 51 54 58 61 65 68 76 79 83 86 90 93 96 98 104 107 110 113 117 120 124 126 133 136 140 143 148 151 155 158 164 166 169 171 175 178 182 185 194 197 201 204 209 211 214 217 223 226 230 233 238 241 245 248 255 258 262 265 270 272 276 279 285 288 291 294 298 300 303 306 314 317 321 324 329 331 334 337 343 346 350 353 358 361 365 368 374 376 380 383 387 390 394 397 403 405 409 412 417 420 424 427 437 440 444 447 452 455 459 462 468 471 475 478 483 486 490 493 500 503 507 510 515 518 521 524 529 532 536 539 544 547 551 554 562 565 569 572 577 580 584 587 593 596 600 603 608 611 615 618 625 628 632 635 640 643 647 650 656 659 662 665 670 673 677 679 688 691 695 698 703 706 710 713 719 722 726 729 734 737 741 744 751 754 758 761 766 769 773 776 782 785 789 792 797 800 804 807 815 818 822 825 830 833 837 840 846 849 853 855 860 862 865 868 874 877 881 883 888 891 895 898 904 906 910 912 917 920 923 926 937 940 944 947 952 955 959 962 968 971 975 978 983 986 990 993 1000 1003 1007 1010 1015 1018 1022 1025 1031 1034 1038 1041 1046 1049 1053 1056 1064 1067 1071 1074 1079 1082 1086 1089 1095 1098 1102 1105 1110 1113 1117 1120 1127 1130 1134 1137 1142 1145 1149 1152 1158 1161 1165 1168 1173 1176 1180 1183 1192 1195 1199 1202 1207 1210 1214 1217 1223 1226 1230 1233 1238 1241 1245 1248 1255 1258 1262 1265 1270 1273 1277 1280 1286 1289 1293 1296 1301 1304 1308 1311 1319 1321 1325 1328 1333 1335 1339 1342 1348 1351 1355 1358 1363 1366 1370 1372 1379 1382 1384 1388 1391 1396 1399 1403 1406 1411 1414 1418 1420 1429 1432 1436 1439 1444 1447 1451 1454 1460 1463 1467 1470 1475 1478 1482 1485 1492 1495 1499 1502 1507 1510 1514 1517 1523 1526 1530 1533 1538 1541 1545 1548 1556 1559 1563 1566 1571 1574 1578 1581 1587 1590 1594 1597 1602 1605 1609 1612 1619 1622 1626 1629 1634 1637 1641 1644 1650 1653 1657 1660 1665 1668 1672 1675 1684 1687 1691 1693 1698 1701 1705 1708 1713 1715 1719 1722 1727 1729 1732 1735 1742 1745 1749 1752 1757 1760 1764 1767 1773 1776 1780 1783 1788 1791 1795 1798 1806 1808 1811 1813 1817 1820 1823 1828 1830 1834 1836 1841 1844 1848 1850 1856 1859 1862 1864 1869 1872 1876 1879 1885 1887 1891 1895 1898 1902 1905 1917 1920 1924 1927 1932 1935 1939 1942 1948 1951 1955 1958 1963 1966 1970 1973 1980 1983 1987 1990 1995 1998 2002 2005 2011 2014 2018 2021 2026 2029 2033 2036 2044 2047 2051 2054 2059 2062 2066 2069 2075 2078 2082 2085 2090 2093 2097 2100 2107 2110 2114 2117 2122 2125 2129 2132 2138 2141 2145 2148 2153 2156 2160 2163 2172 2175 2179 2182 2186 2189 2193 2196 2202 2205 2209 2212 2217 2220 2224 2227 2234 2237 2241 2244 2249 2252 2256 2259 2264 2267 2271 2274 2279 2282 2286 2289 2297 2300 2304 2306 2311 2314 2318 2323 2326 2330 2332 2337 2340 2344 2347 2354 2356 2360 2363 2368 2370 2373 2375 2380 2383 2387 2390 2395 2398 2402 2411 2414 2418 2421 2426 2429 2433 2436 2442 2445 2449 2452 2457 2460 2464 2467 2473 2476 2480 2483 2488 2491 2495 2498 2503 2506 2510 2513 2518 2521 2525 2528 2536 2539 2543 2546 2551 2554 2558 2561 2567 2570 2574 2577 2582 2585 2589 2592 2599 2602 2606 2609 2614 2617 2621 2624 2630 2633 2637 2640 2645 2648 2652 2655 2664 2667 2671 2674 2679 2682 2686 2689 2695 2698 2702 2705 2710 2713 2716 2719 2725 2728 2732 2735 2740 2743 2747 2750 2756 2758 2762 2765 2769 2772 2775 2778 2786 2788 2792 2795 2800 2803 2807 2810 2816 2819 2823 2826 2831 2834 2838 2840 2847 2850 2853 2856 2861 2864 2868 2870 2876 2879 2883 2886 2891 2894 2898 2901 2912 2915 2919 2922 2927 2930 2934 2937 2942 2944 2948 2951 2956 2959 2963 2966 2973 2975 2978 2980 2984 2986 2989 2992 2997 2999 3002 3004 3008 3011 3015 3018 3026 3029 3033 3036 3041 3044 3048 3051 3057 3060 3064 3067 3072 3075 3079 3082 3089 3092 3096 3099 3104 3107 3111 3114 3120 3123 3127 3130 3135 3138 3142 3145 3154 3157 3161 3164 3169 3172 3176 3179 3185 3188 3192 3195 3200 3203 3207 3210 3217 3220 3224 3227 3232 3235 3239 3242 3248 3251 3255 3258 3263 3266 3270 3273 3281 3283 3286 3290 3293 3295 3300 3304 3307 3313 3317 3319 3322 3327 3330 3334 3337 3346 3349 3353 3356 3361 3363 3366 3369 3374 3377 3381 3384 3389 3392 3396 3399 3406 3409 3413 3416 3421 3424 3428 3430 3436 3439 3443 3446 3451 3454 3458 3461 3469 3472 3476 3479 3484 3487 3491 3494 3500 3503 3507 3510 3515 3518 3522 3525 3532 3535 3539 3542 3547 3550 3554 3557 3563 3566 3570 3573 3578 3581 3585 3588 3597 3599 3602 3605 3610 3612 3615 3618 3623 3625 3629 3632 3637 3640 3644 3647 3654 3657 3661 3664 3669 3672 3676 3679 3685 3688 3692 3695 3700 3703 3707 3710 3718 
11 17 18 20 23 24 26 27 31 32 34 35 38 39 41 42 47 49 52 53 55 59 60 62 63 66 67 69 70 77 78 80 81 84 85 87 91 92 94 97 99 100 105 106 108 111 112 114 118 119 121 122 125 127 128 134 135 137 138 141 142 144 145 149 150 152 153 156 157 159 160 165 167 170 172 176 177 179 180 183 184 186 187 195 196 198 199 202 203 205 206 210 212 215 216 218 219 224 225 227 228 231 232 234 235 239 240 242 243 246 247 249 250 256 257 259 260 263 264 266 267 271 273 274 277 278 280 281 286 287 289 292 293 295 299 301 304 305 307 308 315 316 318 319 322 323 325 326 330 332 335 336 338 339 344 345 347 348 351 352 354 355 359 360 362 363 366 367 369 375 377 378 381 382 384 388 389 391 392 395 396 398 399 404 406 407 410 411 413 414 418 419 421 422 425 426 428 429 438 439 441 442 445 446 448 449 453 454 456 457 460 461 463 464 469 470 472 473 476 477 479 480 484 485 487 488 491 492 494 495 501 502 504 505 508 509 511 512 516 517 519 522 523 525 530 531 533 534 537 538 540 541 545 546 548 549 552 553 555 556 563 564 566 567 570 571 573 574 578 579 581 582 585 586 588 589 594 595 597 598 601 602 604 605 609 610 612 613 616 617 619 620 626 627 629 630 633 634 636 637 641 642 644 645 648 649 651 652 657 658 660 663 664 666 667 671 672 674 675 678 680 681 689 690 692 693 696 697 699 700 704 705 707 708 711 712 714 715 720 721 723 724 727 728 730 731 735 736 738 739 742 743 745 746 752 753 755 756 759 760 762 763 767 768 770 771 774 775 777 778 783 784 786 787 790 791 793 794 798 799 801 802 805 806 808 809 816 817 819 820 823 824 826 827 831 832 834 835 838 839 841 842 847 848 850 851 854 856 857 861 863 866 867 869 875 876 878 879 882 884 885 889 890 892 893 896 897 899 900 905 907 908 911 913 914 918 919 921 924 925 927 928 938 939 941 942 945 946 948 949 953 954 956 957 960 961 963 964 969 970 972 973 976 977 979 980 984 985 987 988 991 992 994 995 1001 1002 1004 1005 1008 1009 1011 1012 1016 1017 1019 1020 1023 1024 1026 1027 1032 1033 1035 1036 1039 1040 1042 1043 1047 1048 1050 1051 1054 1055 1057 1058 1065 1066 1068 1069 1072 1073 1075 1076 1080 1081 1083 1084 1087 1088 1090 1091 1096 1097 1099 1100 1103 1104 1106 1107 1111 1112 1114 1115 1118 1119 1121 1122 1128 1129 1131 1132 1135 1136 1138 1139 1143 1144 1146 1147 1150 1151 1153 1154 1159 1160 1162 1163 1166 1167 1169 1170 1174 1175 1177 1178 1181 1182 1184 1185 1193 1194 1196 1197 1200 1201 1203 1204 1208 1209 1211 1212 1215 1216 1218 1219 1224 1225 1227 1228 1231 1232 1234 1235 1239 1240 1242 1243 1246 1247 1249 1250 1256 1257 1259 1260 1263 1264 1266 1267 1271 1272 1274 1275 1278 1279 1281 1282 1287 1288 1290 1291 1294 1295 1297 1298 1302 1303 1305 1306 1309 1310 1312 1313 1320 1322 1323 1326 1327 1329 1330 1334 1336 1337 1340 1341 1343 1344 1349 1350 1352 1353 1356 1357 1359 1360 1364 1365 1367 1368 1371 1373 1374 1380 1383 1385 1389 1392 1397 1398 1400 1401 1404 1405 1407 1408 1412 1413 1415 1416 1419 1421 1430 1431 1433 1434 1437 1438 1440 1441 1445 1446 1448 1449 1452 1453 1455 1456 1461 1462 1464 1465 1468 1469 1471 1472 1476 1477 1479 1480 1483 1484 1486 1487 1493 1494 1496 1497 1500 1501 1503 1504 1508 1509 1511 1512 1515 1516 1518 1519 1524 1525 1527 1528 1531 1532 1534 1535 1539 1540 1542 1543 1546 1547 1549 1550 1557 1558 1560 1561 1564 1565 1567 1568 1572 1573 1575 1576 1579 1580 1582 1583 1588 1589 1591 1592 1595 1596 1598 1599 1603 1604 1606 1607 1610 1611 1613 1614 1620 1621 1623 1624 1627 1628 1630 1631 1635 1636 1638 1639 1642 1643 1645 1646 1651 1652 1654 1655 1658 1659 1661 1662 1666 1667 1669 1670 1673 1674 1676 1677 1685 1686 1688 1689 1692 1694 1695 1699 1700 1702 1703 1706 1707 1709 1714 1716 1717 1720 1721 1723 1724 1728 1730 1733 1734 1736 1737 1743 1744 1746 1747 1750 1751 1753 1754 1758 1759 1761 1762 1765 1766 1768 1769 1774 1775 1777 1778 1781 1782 1784 1785 1789 1790 1792 1793 1796 1797 1799 1800 1807 1809 1812 1814 1818 1821 1822 1824 1829 1831 1832 1835 1837 1838 1842 1843 1845 1846 1849 1851 1857 1858 1860 1863 1865 1866 1870 1871 1873 1874 1877 1878 1880 1881 1886 1888 1889 1892 1896 1897 1899 1900 1903 1904 1906 1907 1918 1919 1921 1922 1925 1926 1928 1929 1933 1934 1936 1937 1940 1941 1943 1944 1949 1950 1952 1953 1956 1957 1959 1960 1964 1965 1967 1968 1971 1972 1974 1975 1981 1982 1984 1985 1988 1989 1991 1992 1996 1997 1999 2000 2003 2004 2006 2007 2012 2013 2015 2016 2019 2020 2022 2023 2027 2028 2030 2031 2034 2035 2037 2038 2045 2046 2048 2049 2052 2053 2055 2056 2060 2061 2063 2064 2067 2068 2070 2071 2076 2077 2079 2080 2083 2084 2086 2087 2091 2092 2094 2095 2098 2099 2101 2102 2108 2109 2111 2112 2115 2116 2118 2119 2123 2124 2126 2127 2130 2131 2133 2134 2139 2140 2142 2143 2146 2147 2149 2150 2154 2155 2157 2158 2161 2162 2164 2165 2173 2174 2176 2177 2180 2181 2183 2187 2188 2190 2191 2194 2195 2197 2198 2203 2204 2206 2207 2210 2211 2213 2214 2218 2219 2221 2222 2225 2226 2228 2229 2235 2236 2238 2239 2242 2243 2245 2246 2250 2251 2253 2254 2257 2258 2260 2265 2266 2268 2269 2272 2273 2275 2276 2280 2281 2283 2284 2287 2288 2290 2291 2298 2299 2301 2302 2305 2307 2308 2312 2313 2315 2316 2319 2324 2325 2327 2328 2331 2333 2334 2338 2339 2341 2342 2345 2346 2348 2349 2355 2357 2358 2361 2362 2364 2365 2369 2371 2374 2376 2381 2382 2384 2385 2388 2389 2391 2392 2396 2397 2399 2400 2403 2412 2413 2415 2416 2419 2420 2422 2423 2427 2428 2430 2431 2434 2435 2437 2438 2443 2444 2446 2447 2450 2451 2453 2454 2458 2459 2461 2462 2465 2466 2468 2474 2475 2477 2478 2481 2482 2484 2485 2489 2490 2492 2493 2496 2497 2499 2504 2505 2507 2508 2511 2512 2514 2515 2519 2520 2522 2523 2526 2527 2529 2530 2537 2538 2540 2541 2544 2545 2547 2548 2552 2553 2555 2556 2559 2560 2562 2563 2568 2569 2571 2572 2575 2576 2578 2579 2583 2584 2586 2587 2590 2591 2593 2594 2600 2601 2603 2604 2607 2608 2610 2611 2615 2616 2618 2619 2622 2623 2625 2626 2631 2632 2634 2635 2638 2639 2641 2642 2646 2647 2649 2650 2653 2654 2656 2657 2665 2666 2668 2669 2672 2673 2675 2676 2680 2681 2683 2684 2687 2688 2690 2691 2696 2697 2699 2700 2703 2704 2706 2707 2711 2712 2714 2717 2718 2720 2726 2727 2729 2730 2733 2734 2736 2737 2741 2742 2744 2745 2748 2749 2751 2752 2757 2759 2760 2763 2764 2766 2770 2771 2773 2776 2777 2779 2780 2787 2789 2790 2793 2794 2796 2797 2801 2802 2804 2805 2808 2809 2811 2812 2817 2818 2820 2821 2824 2825 2827 2828 2832 2833 2835 2836 2839 2841 2842 2848 2849 2851 2854 2855 2857 2858 2862 2863 2865 2866 2869 2871 2872 2877 2878 2880 2881 2884 2885 2887 2888 2892 2893 2895 2896 2899 2900 2902 2903 2913 2914 2916 2917 2920 2921 2923 2924 2928 2929 2931 2932 2935 2936 2938 2943 2945 2946 2949 2950 2952 2953 2957 2958 2960 2961 2964 2965 2967 2968 2974 2976 2979 2981 2985 2987 2990 2991 2993 2998 3000 3003 3005 3009 3010 3012 3013 3016 3017 3019 3020 3027 3028 3030 3031 3034 3035 3037 3038 3042 3043 3045 3046 3049 3050 3052 3053 3058 3059 3061 3062 3065 3066 3068 3069 3073 3074 3076 3077 3080 3081 3083 3084 3090 3091 3093 3094 3097 3098 3100 3101 3105 3106 3108 3109 3112 3113 3115 3116 3121 3122 3124 3125 3128 3129 3131 3132 3136 3137 3139 3140 3143 3144 3146 3147 3155 3156 3158 3159 3162 3163 3165 3166 3170 3171 3173 3174 3177 3178 3180 3181 3186 3187 3189 3190 3193 3194 3196 3197 3201 3202 3204 3205 3208 3209 3211 3212 3218 3219 3221 3222 3225 3226 3228 3229 3233 3234 3236 3237 3240 3241 3243 3244 3249 3250 3252 3253 3256 3257 3259 3260 3264 3265 3267 3268 3271 3272 3274 3275 3282 3284 3287 3291 3294 3296 3301 3305 3308 3314 3318 3320 3323 3328 3331 3335 3338 3347 3348 3350 3351 3354 3355 3357 3358 3362 3364 3367 3368 3370 3375 3376 3378 3379 3382 3383 3385 3386 3390 3391 3393 3394 3397 3398 3400 3401 3407 3408 3410 3411 3414 3415 3417 3418 3422 3423 3425 3426 3429 3431 3432 3437 3438 3440 3441 3444 3445 3447 3448 3452 3453 3455 3456 3459 3460 3462 3463 3470 3471 3473 3474 3477 3478 3480 3481 3485 3486 3488 3489 3492 3493 3495 3496 3501 3502 3504 3505 3508 3509 3511 3512 3516 3517 3519 3520 3523 3524 3526 3527 3533 3534 3536 3537 3540 3541 3543 3544 3548 3549 3551 3552 3555 3556 3558 3559 3564 3565 3567 3568 3571 3572 3574 3575 3579 3580 3582 3583 3586 3587 3589 3590 3598 3600 3603 3604 3606 3607 3611 3613 3616 3617 3619 3624 3626 3627 3630 3631 3633 3634 3638 3639 3641 3642 3645 3646 3648 3649 3655 3656 3658 3659 3662 3663 3665 3666 3670 3671 3673 3674 3677 3678 3680 3681 3686 3687 3689 3690 3693 3694 3696 3697 3701 3702 3704 3705 3708 3709 3711 3712 3719 
