0 0 0.4 3.29729 3.29729 -9.6
0 0 0.4 -96.7027 3.29729 -9.6
0 0 0.4 -196.703 3.29729 -9.6
0 0 0.4 -296.703 3.29729 -9.6
0 0 0.4 -396.703 3.29729 -9.6
0 0 0.4 -496.703 3.29729 -9.6
0 0 0.4 -596.703 3.29729 -9.6
0 0 0.4 -696.703 3.29729 -9.6
0 0 0.4 -796.703 3.29729 -9.6
0 0 0.4 -896.703 3.29729 -9.6
0 0 0.4 -996.703 3.29729 -9.6
0 0 0.4 -1096.7 3.29729 -9.6
0 0 0.4 -1196.7 3.29729 -9.6
0 0 0.4 -1296.7 3.29729 -9.6
0 0 0.4 -1396.7 3.29729 -9.6
0 0 0.4 -1496.7 3.29729 -9.6
0 0 0.4 -1596.7 3.29729 -9.6
0 0 0.4 -1696.7 3.29729 -9.6
0 0 0.4 -1796.7 3.29729 -9.6
0 0 0.4 -1896.7 3.29729 -9.6
0 0 0.4 -1996.7 3.29729 -9.6
0 0 0.4 -2096.7 3.29729 -9.6
0 0 0.4 -2196.7 3.29729 -9.6
0 0 0.4 -2296.7 3.29729 -9.6
0 0 0.4 -2396.7 3.29729 -9.6
0 0 0.4 -2496.7 3.29729 -9.6
0 0 0.4 -2596.7 3.29729 -9.6
0 0 0.4 -2696.7 3.29729 -9.6
0 0 0.4 -2796.7 3.29729 -9.6
0 0 0.4 -2896.7 3.29729 -9.6
0 0 0.4 -2996.7 3.29729 -9.6
0 0 0.4 -3096.7 3.29729 -9.6
0 0 0.4 -3196.7 3.29729 -9.6
0 0 0.4 -3296.7 3.29729 -9.6
0 0 0.4 -3396.7 3.29729 -9.6
0 0 0.4 -3496.7 3.29729 -9.6
0 0 0.4 -3596.7 3.29729 -9.6
0 0 0.4 -3696.7 3.29729 -9.6
0 0 0.4 -3796.7 3.29729 -9.6
0 0 0.4 -3896.7 3.29729 -9.6
0 0 0.4 -3996.7 3.29729 -9.6
0 0 0.4 -4096.7 3.29729 -9.6
0 0 0.4 -4196.7 3.29729 -9.6
0 0 0.4 -4296.7 3.29729 -9.6
0 0 0.4 -4396.7 3.29729 -9.6
0 0 0.4 -4496.7 3.29729 -9.6
0 0 0.4 -4596.7 3.29729 -9.6
0 0 0.4 -4696.7 3.29729 -9.6
0 0 0.4 -4796.7 3.29729 -9.6
0 0 0.4 -4896.7 3.29729 -9.6
0 0 0.4 -4996.7 3.29729 -9.6
0 0 0.4 -5096.7 3.29729 -9.6
0 0 0.4 -5196.7 3.29729 -9.6
0 0 0.4 -5296.7 3.29729 -9.6
0 0 0.4 -5396.7 3.29729 -9.6
0 0 0.4 -5496.7 3.29729 -9.6
0 0 0.4 -5596.7 3.29729 -9.6
0 0 0.4 -5696.7 3.29729 -9.6
0 0 0.4 -5796.7 3.29729 -9.6
0 0 0.4 -5896.7 3.29729 -9.6
0 0 0.4 -5996.7 3.29729 -9.6
0 0 0.4 -6096.7 3.29729 -9.6
0 0 0.4 -6196.7 3.29729 -9.6
0 0 0.4 -6296.7 3.29729 -9.6
0 0 0.4 -6396.7 3.29729 -9.6
0 0 0.4 -6496.7 3.29729 -9.6
0 0 0.4 -6596.7 3.29729 -9.6
0 0 0.4 -6696.7 3.29729 -9.6
0 0 0.4 -6796.7 3.29729 -9.6
0 0 0.4 -6896.7 3.29729 -9.6
0 0 0.4 -6996.7 3.29729 -9.6
0 0 0.4 -7096.7 3.29729 -9.6
0 0 0.4 -7196.7 3.29729 -9.6
0 0 0.4 -7296.7 3.29729 -9.6
0 0 0.4 -7396.7 3.29729 -9.6
0 0 0.4 -7496.7 3.29729 -9.6
0 0 0.4 -7596.7 3.29729 -9.6
0 0 0.4 -7696.7 3.29729 -9.6
0 0 0.4 -7796.7 3.29729 -9.6
0 0 0.4 -7896.7 3.29729 -9.6
0 0 0.4 -7996.7 3.29729 -9.6
0 0 0.4 -8096.7 3.29729 -9.6
0 0 0.4 -8196.7 3.29729 -9.6
0 0 0.4 -8296.7 3.29729 -9.6
0 0 0.4 -8396.7 3.29729 -9.6
0 0 0.4 -8496.7 3.29729 -9.6
0 0 0.4 -8596.7 3.29729 -9.6
0 0 0.4 -8696.7 3.29729 -9.6
0 0 0.4 -8796.7 3.29729 -9.6
0 0 0.4 -8896.7 3.29729 -9.6
0 0 0.4 -8996.7 3.29729 -9.6
0 0 0.4 -9096.7 3.29729 -9.6
0 0 0.4 -9196.7 3.29729 -9.6
0 0 0.4 -9296.7 3.29729 -9.6
0 0 0.4 -9396.7 3.29729 -9.6
0 0 0.4 -9496.7 3.29729 -9.6
0 0 0.4 -9596.7 3.29729 -9.6
0 0 0.4 -9696.7 3.29729 -9.6
0 0 0.4 -9796.7 3.29729 -9.6
0 0 0.4 -9896.7 3.29729 -9.6
0 0 0.4 3.29729 -96.7027 -9.6
